calibrating for 100000.0 Ω
 freq(hz) | gain factor (1/Ω) | system phase (°)
30000.0   2.260e-09   -57.77°
30500.0   2.264e-09   -57.24°
31000.0   2.267e-09   -56.71°
31500.0   2.271e-09   -56.17°
32000.0   2.279e-09   -55.58°
32500.0   2.302e-09   -55.02°
33000.0   2.385e-09   -54.07°
33500.0   2.389e-09   -53.62°
34000.0   2.394e-09   -53.09°
34500.0   2.398e-09   -52.59°
35000.0   2.405e-09   -52.14°
100000.0 Ω, 30000.0, 30500.0, 31000.0, 31500.0, 32000.0, 32500.0, 33000.0, 33500.0, 34000.0, 34500.0, 35000.0
please change to DUT
d
Freq (Hz)    Z_real (Ω)    Z_imag (Ω)    |Z| (Ω)     R_cal (Ω)  
-------------------------------------------------------
30000.0      54974.33       5908.76        55290.96     100000.00    6.13        
30500.0      54788.76       5829.53        55098.02     100000.00    6.07        
31000.0      54552.59       5744.06        54854.16     100000.00    6.01        
31500.0      54669.98       5891.67        54986.54     100000.00    6.15        
32000.0      54585.78       5797.83        54892.83     100000.00    6.06        
32500.0      54176.60       5694.95        54475.10     100000.00    6.00        
33000.0      52362.65       5148.68        52615.17     100000.00    5.62        
33500.0      52334.93       5295.31        52602.14     100000.00    5.78        
34000.0      52331.93       5338.33        52603.50     100000.00    5.82        
34500.0      52346.14       5415.63        52625.54     100000.00    5.91        
35000.0      52190.77       5433.62        52472.86     100000.00    5.94        
=======================================================
please change to DUT
d
Freq (Hz)    Z_real (Ω)    Z_imag (Ω)    |Z| (Ω)     R_cal (Ω)  
-------------------------------------------------------
30000.0      80247.57       -2062.92       80274.08     100000.00    -1.47       
30500.0      80224.76       -2041.18       80250.72     100000.00    -1.46       
31000.0      80204.96       -1961.52       80228.94     100000.00    -1.40       
31500.0      80205.32       -1890.26       80227.59     100000.00    -1.35       
32000.0      80103.59       -1882.04       80125.70     100000.00    -1.35       
32500.0      79425.10       -2008.11       79450.48     100000.00    -1.45       
33000.0      76737.74       -2507.65       76778.70     100000.00    -1.87       
33500.0      76736.46       -2442.00       76775.30     100000.00    -1.82       
34000.0      76696.66       -2489.28       76737.06     100000.00    -1.86       
34500.0      76660.64       -2424.77       76698.98     100000.00    -1.81       
35000.0      76612.08       -2351.68       76648.17     100000.00    -1.76       
=======================================================
please change to DUT
d
Freq (Hz)    Z_real (Ω)    Z_imag (Ω)    |Z| (Ω)     R_cal (Ω)  
-------------------------------------------------------
30000.0      183114.78      -37559.76      186927.16    100000.00    -11.59      
30500.0      182606.10      -37749.27      186467.14    100000.00    -11.68      
31000.0      182306.84      -37415.43      186106.66    100000.00    -11.60      
31500.0      182136.36      -36999.70      185856.48    100000.00    -11.48      
32000.0      181917.86      -37025.77      185647.54    100000.00    -11.50      
32500.0      180005.56      -37025.70      183774.06    100000.00    -11.62      
33000.0      173521.98      -36901.09      177402.28    100000.00    -12.01      
33500.0      173179.46      -36838.52      177054.26    100000.00    -12.01      
34000.0      172483.30      -37199.63      176449.14    100000.00    -12.17      
34500.0      172248.02      -37239.69      176227.60    100000.00    -12.20      
35000.0      171721.06      -37272.03      175719.46    100000.00    -12.25      
=======================================================
please change to DUT
d
Freq (Hz)    Z_real (Ω)    Z_imag (Ω)    |Z| (Ω)     R_cal (Ω)  
-------------------------------------------------------
30000.0      243740.40      -75301.73      255107.32    100000.00    -17.17      
30500.0      242951.04      -75805.34      254502.76    100000.00    -17.33      
31000.0      241907.16      -75744.97      253488.42    100000.00    -17.39      
31500.0      240783.32      -75864.77      252452.10    100000.00    -17.49      
32000.0      240086.44      -76192.17      251886.38    100000.00    -17.61      
32500.0      237380.84      -76254.40      249327.90    100000.00    -17.81      
33000.0      228089.04      -75062.85      240122.98    100000.00    -18.22      
33500.0      227499.36      -74824.55      239488.34    100000.00    -18.21      
34000.0      226190.18      -74930.87      238278.48    100000.00    -18.33      
34500.0      225807.08      -74622.04      237817.76    100000.00    -18.29      
35000.0      225108.46      -74686.70      237174.88    100000.00    -18.35      
=======================================================
please change to DUT