10k
calibrating for 10000.0 Ω
 freq(hz) | gain factor (1/Ω) | system phase (°)
30000.0   2.163e-08   -70.59°
30500.0   2.163e-08   -70.25°
31000.0   2.163e-08   -69.92°
31500.0   2.162e-08   -69.60°
32000.0   2.163e-08   -69.25°
32500.0   2.173e-08   -68.67°
33000.0   2.184e-08   -68.06°
33500.0   2.184e-08   -67.74°
34000.0   2.173e-08   -67.82°
34500.0   2.162e-08   -67.89°
35000.0   2.162e-08   -67.59°
10000.0 Ω, 30000.0, 30500.0, 31000.0, 31500.0, 32000.0, 32500.0, 33000.0, 33500.0, 34000.0, 34500.0, 35000.0
please change to DUT
d
Freq (Hz)    Z_real (Ω)    Z_imag (Ω)    |Z| (Ω)     R_cal (Ω)  
-------------------------------------------------------
30000.0      46351.03       -5056.39       46626.01     10000.00     -6.23       
30500.0      46354.90       -5195.29       46645.12     10000.00     -6.39       
31000.0      46319.40       -5218.06       46612.39     10000.00     -6.43       
31500.0      46168.21       -5366.38       46479.04     10000.00     -6.63       
32000.0      46228.60       -5436.58       46547.18     10000.00     -6.71       
32500.0      45953.32       -5782.02       46315.65     10000.00     -7.17       
33000.0      45647.81       -5984.62       46038.44     10000.00     -7.47       
33500.0      45585.04       -6111.39       45992.88     10000.00     -7.64       
34000.0      45674.62       -5911.07       46055.53     10000.00     -7.37       
34500.0      45975.27       -5548.33       46308.85     10000.00     -6.88       
35000.0      45961.38       -5768.28       46321.93     10000.00     -7.15       
=======================================================
please change to DUT
d
Freq (Hz)    Z_real (Ω)    Z_imag (Ω)    |Z| (Ω)     R_cal (Ω)  
-------------------------------------------------------
30000.0      76020.66       -15446.60      77574.08     10000.00     -11.49      
30500.0      76032.24       -15635.77      77623.31     10000.00     -11.62      
31000.0      75674.04       -15957.83      77338.30     10000.00     -11.91      
31500.0      75263.02       -16162.70      76978.92     10000.00     -12.12      
32000.0      75546.36       -16412.19      77308.56     10000.00     -12.26      
32500.0      74887.34       -16825.38      76754.20     10000.00     -12.66      
33000.0      74339.12       -17193.91      76301.61     10000.00     -13.02      
33500.0      74161.18       -17434.64      76182.98     10000.00     -13.23      
34000.0      74088.24       -17193.66      76057.14     10000.00     -13.07      
34500.0      74659.96       -16653.44      76494.75     10000.00     -12.57      
35000.0      74546.72       -17185.38      76501.96     10000.00     -12.98      
=======================================================
please change to DUT
d
Freq (Hz)    Z_real (Ω)    Z_imag (Ω)    |Z| (Ω)     R_cal (Ω)  
-------------------------------------------------------
30000.0      155146.98      -84910.96      176862.84    10000.00     -28.69      
30500.0      154424.88      -85657.71      176590.74    10000.00     -29.02      
31000.0      152433.38      -85499.72      174774.54    10000.00     -29.29      
31500.0      149917.82      -84826.56      172252.42    10000.00     -29.50      
32000.0      150879.98      -87138.93      174235.36    10000.00     -30.01      
32500.0      148196.62      -88580.90      172652.30    10000.00     -30.87      
33000.0      146580.26      -87655.77      170790.26    10000.00     -30.88      
33500.0      144843.06      -88121.86      169543.42    10000.00     -31.32      
34000.0      142645.80      -86299.06      166719.38    10000.00     -31.17      
34500.0      145323.94      -86002.26      168865.16    10000.00     -30.62      
35000.0      143121.10      -87275.39      167632.46    10000.00     -31.37      
=======================================================
please change to DUT
d
Freq (Hz)    Z_real (Ω)    Z_imag (Ω)    |Z| (Ω)     R_cal (Ω)  
-------------------------------------------------------
30000.0      184073.08      -144671.88     234121.46    10000.00     -38.17      
30500.0      181975.96      -145306.76     232871.86    10000.00     -38.61      
31000.0      178851.10      -143802.82     229492.84    10000.00     -38.80      
31500.0      174795.80      -141659.17     224990.88    10000.00     -39.02      
32000.0      173702.90      -145690.28     226712.04    10000.00     -39.99      
32500.0      168874.10      -145939.08     223196.50    10000.00     -40.83      
33000.0      166515.04      -144520.46     220484.54    10000.00     -40.96      
33500.0      163597.62      -144603.84     218344.82    10000.00     -41.47      
34000.0      161734.11      -140343.68     214136.10    10000.00     -40.95      
34500.0      165022.86      -140192.40     216532.80    10000.00     -40.35      
35000.0      160619.82      -142037.76     214414.20    10000.00     -41.49      
=======================================================
please change to DUT