calibrating for 48000.0 Ω
 freq(hz) | gain factor (1/Ω) | system phase (°)
30000.0   4.461e-09   -79.55°
30500.0   4.453e-09   -79.32°
31000.0   4.446e-09   -79.11°
31500.0   4.435e-09   -78.93°
32000.0   4.432e-09   -78.72°
32500.0   4.426e-09   -78.56°
33000.0   4.416e-09   -78.30°
33500.0   4.409e-09   -78.07°
34000.0   4.398e-09   -77.88°
34500.0   4.393e-09   -77.65°
35000.0   4.386e-09   -77.45°
48000.0 Ω, 30000.0, 30500.0, 31000.0, 31500.0, 32000.0, 32500.0, 33000.0, 33500.0, 34000.0, 34500.0, 35000.0
please change to DUT
d
Freq (Hz)    Z_real (Ω)    Z_imag (Ω)    |Z| (Ω)     R_cal (Ω)  
-------------------------------------------------------
30000.0      48517.54       4767.60        48751.22     48000.00     5.61        
30500.0      48609.84       4725.54        48839.00     48000.00     5.55        
31000.0      48647.13       4766.35        48880.07     48000.00     5.60        
31500.0      48739.43       4860.47        48981.18     48000.00     5.69        
32000.0      48782.94       4893.50        49027.76     48000.00     5.73        
32500.0      48837.28       4977.94        49090.32     48000.00     5.82        
33000.0      48939.21       5000.62        49194.02     48000.00     5.83        
33500.0      48995.83       5032.76        49253.63     48000.00     5.86        
34000.0      49074.07       5089.32        49337.26     48000.00     5.92        
34500.0      49129.60       5151.27        49398.92     48000.00     5.99        
35000.0      49207.06       5175.38        49478.47     48000.00     6.00        
=======================================================
please change to DUT
d
Freq (Hz)    Z_real (Ω)    Z_imag (Ω)    |Z| (Ω)     R_cal (Ω)  
-------------------------------------------------------
30000.0      81625.56       4738.67        81762.98     48000.00     3.32        
30500.0      81764.16       4878.24        81909.56     48000.00     3.41        
31000.0      81696.28       4412.20        81815.34     48000.00     3.09        
31500.0      81802.92       4466.02        81924.74     48000.00     3.12        
32000.0      81912.92       4514.38        82037.22     48000.00     3.15        
32500.0      82040.00       4554.01        82166.30     48000.00     3.18        
33000.0      82139.74       4637.07        82270.52     48000.00     3.23        
33500.0      82250.06       4596.76        82378.41     48000.00     3.20        
34000.0      82340.97       4602.47        82469.50     48000.00     3.20        
34500.0      82451.80       4724.22        82587.02     48000.00     3.28        
35000.0      82566.73       4670.86        82698.74     48000.00     3.24        
=======================================================
please change to DUT
d
Freq (Hz)    Z_real (Ω)    Z_imag (Ω)    |Z| (Ω)     R_cal (Ω)  
-------------------------------------------------------
30000.0      197871.16      -15729.93      198495.40    48000.00     -4.55       
30500.0      197864.66      -17070.64      198599.66    48000.00     -4.93       
31000.0      197547.94      -17187.98      198294.26    48000.00     -4.97       
31500.0      197182.54      -17269.30      197937.32    48000.00     -5.01       
32000.0      197884.12      -17498.04      198656.26    48000.00     -5.05       
32500.0      197894.14      -18157.48      198725.40    48000.00     -5.24       
33000.0      197741.28      -17998.58      198558.72    48000.00     -5.20       
33500.0      197806.74      -18286.20      198650.16    48000.00     -5.28       
34000.0      197357.98      -18389.01      198212.84    48000.00     -5.32       
34500.0      197872.44      -18133.79      198701.62    48000.00     -5.24       
35000.0      197873.68      -18882.80      198772.62    48000.00     -5.45       
=======================================================
please change to DUT
d
Freq (Hz)    Z_real (Ω)    Z_imag (Ω)    |Z| (Ω)     R_cal (Ω)  
-------------------------------------------------------
30000.0      277638.16      -41197.07      280678.00    48000.00     -8.44       
30500.0      278434.60      -41630.11      281529.56    48000.00     -8.50       
31000.0      277988.40      -41457.26      281062.72    48000.00     -8.48       
31500.0      276731.36      -41226.46      279785.40    48000.00     -8.47       
32000.0      278706.54      -42238.19      281888.96    48000.00     -8.62       
32500.0      278046.22      -43708.25      281460.70    48000.00     -8.93       
33000.0      278097.50      -43103.75      281418.14    48000.00     -8.81       
33500.0      277725.16      -44006.20      281190.00    48000.00     -9.00       
34000.0      276726.04      -43114.70      280064.60    48000.00     -8.86       
34500.0      277057.96      -43785.54      280496.50    48000.00     -8.98       
35000.0      277059.78      -44360.88      280588.70    48000.00     -9.10       
=======================================================
please change to DUT